COMMAND:	./macs 5 3000 -t 0.001 -r 0.001
SEED:	1656169933
SITE:	0	   0.0364063206	    0.103883682	00100
SITE:	1	   0.0808017426	    0.668414883	11101
SITE:	2	    0.413947166	     0.25054948	01111
SITE:	3	    0.714643416	    0.175509499	00010
TOTAL_SAMPLES:	5
TOTAL_SITES:	4
BEGIN_SELECTED_SITES
0	1	2	3
END_SELECTED_SITES
