COMMAND:	./macs 20 1000 -t 0.001 -r 0.001
SEED:	1656156892
SITE:	0	    0.317741586	    0.188318864	00010010011000011100
SITE:	1	    0.617000338	     0.06937708	00000000000010000010
SITE:	2	    0.646338573	    0.111028879	00100000000010000010
SITE:	3	    0.733877657	    0.562530285	10100001100111100011
SITE:	4	    0.846319898	   0.0751465142	10000000000101100001
TOTAL_SAMPLES:	20
TOTAL_SITES:	5
BEGIN_SELECTED_SITES
0	1	2	3	4
END_SELECTED_SITES
